                1024.6                     15                     29                     73                     79                     32                     78 
                 864.8                      3                     71                     86                     56                     34                     15 
                1539.5                     47                     81                     68                     76                     36                     62 
                1488.9                     46                     67                      0                     72                     26                     97 
                2994.5                      8                     71                     55                      1                     31                     34 
                  1607                     71                     40                     89                     37                     38                     30 
               490.399                     17                     58                     94                     77                     91                     31 
                2360.8                      6                     39                     45                     46                     11                     70 
                 845.5                     14                     30                     48                     54                     93                     83 
                  3383                     28                     92                     27                     80                     30                     80 
                  3005                     17                     45                     34                     31                     59                     70 
                  3662                      6                     97                     16                     49                     32                     24 
                3741.5                     42                     25                      5                     40                      5                      3 
                 971.6                     41                     43                     11                     69                     20                     89 
                1676.9                     52                     96                     75                     34                     73                     47 
                   274                     52                     66                     18                     37                     78                     33 
                 356.6                     20                     42                     17                     67                      2                     12 
                4662.9                     97                     25                     67                     32                     58                     19 
                 700.6                     22                     74                     12                     58                     16                     84 
                2212.7                     77                     57                     54                     87                     84                     51 
                2379.6                     56                     92                     76                     19                     25                     25 
                3461.9                      1                     27                     41                     35                     60                     28 
                3478.5                     63                     96                     24                     60                     10                      5 
                3550.9                     79                     73                     54                     46                     82                     94 
                3538.8                     98                     79                     80                     44                     91                     17 
                4031.9                     38                     78                     36                     35                     46                     77 
                1193.9                     30                     16                      7                     20                      2                     85 
                2281.9                     44                     32                      4                     44                     92                     44 
                  4198                     90                     63                     23                     32                     87                     71 
                 462.7                     17                     12                     63                     38                     27                     29 
                  4977                     14                     94                     68                     18                     12                     55 
                4714.9                     81                     34                     51                      3                     82                     18 
                2548.8                     20                      8                     48                     24                     82                     84 
                2482.7                      0                      4                     15                     89                     66                     31 
                4241.8                     76                     82                     73                     57                     99                     28 
               870.399                     22                     12                      3                     32                     10                      1 
                4981.8                      7                     32                     74                     15                     72                     73 
                2130.5                     84                     18                     48                     10                     32                     43 
                2514.9                     99                     72                     44                     66                     70                     94 
                2798.7                     62                     13                     41                      3                     44                     67 
